# z,H_z[km/s/Mpc],sigma_H[km/s/Mpc]
0.0700000 69.00000000 19.60000000
0.0900000 69.00000000 12.00000000
0.1200000 68.60000000 26.20000000
0.1700000 83.00000000 8.00000000
0.1791000 78.00000000 6.20000000
0.1993000 78.00000000 6.90000000
0.2000000 72.90000000 29.60000000
0.2700000 77.00000000 14.00000000
0.2800000 88.80000000 36.60000000
0.3519000 85.50000000 15.70000000
0.3802000 86.20000000 14.60000000
0.4000000 95.00000000 17.00000000
0.4004000 79.90000000 11.40000000
0.4247000 90.40000000 12.80000000
0.4497000 96.30000000 14.40000000
0.4700000 89.00000000 49.60000000
0.4783000 83.80000000 10.20000000
0.4800000 97.00000000 62.00000000
0.5929000 107.00000000 15.50000000
0.6797000 95.00000000 10.50000000
0.7500000 98.80000000 33.60000000
0.7812000 96.50000000 12.50000000
0.8754000 124.50000000 17.40000000
0.8800000 90.00000000 40.00000000
0.9000000 117.00000000 23.00000000
1.0370000 133.50000000 17.60000000
1.3000000 168.00000000 17.00000000
1.3630000 160.00000000 33.80000000
1.4300000 177.00000000 18.00000000
1.5300000 140.00000000 14.00000000
1.7500000 202.00000000 40.00000000
1.9650000 186.50000000 50.60000000
