# 32x32 CC correlation matrix corresponding to CC_32_Favale2023_Moresco2020_full_covariance.txt
1.0000000000e+00 1.5211767806e-01 6.1797589830e-02 1.6504199972e-01 1.8562524607e-01 1.7213863468e-01 4.3596925769e-02 9.4130209686e-02 4.2959987683e-02 9.3278230913e-02 1.0181917346e-01 1.0190949425e-01 1.2456798747e-01 1.3243726445e-01 1.2361379205e-01 3.4767181888e-02 1.4415513596e-01 3.0506325539e-02 1.2906396919e-01 1.5057253663e-01 4.9097663839e-02 1.2007950487e-01 6.5119245373e-02 2.1467938508e-02 5.3985013174e-02 8.2499379320e-02 7.4335336732e-02 3.6401263596e-02 7.3859866021e-02 7.5333372643e-02 3.8806455828e-02 2.8415354049e-02
1.5211767806e-01 1.0000000000e+00 8.6469657303e-02 2.3095446229e-01 2.5976093640e-01 2.4088799277e-01 6.1008825585e-02 1.3172427743e-01 6.0117504835e-02 1.3053203226e-01 1.4248322648e-01 1.4260656250e-01 1.7431354512e-01 1.8532106356e-01 1.7297524923e-01 4.8650661212e-02 2.0171755226e-01 4.2687457060e-02 1.8058478948e-01 2.1070491547e-01 6.8707433942e-02 1.6803926782e-01 9.1160416598e-02 3.0052165410e-02 7.5564084700e-02 1.1544165407e-01 1.0402197715e-01 5.0938210829e-02 1.0335587774e-01 1.0541953477e-01 5.4304730770e-02 3.9763697005e-02
6.1797589830e-02 8.6469657303e-02 1.0000000000e+00 9.3868426500e-02 1.0557969536e-01 9.7908797394e-02 2.4797004926e-02 5.3539262967e-02 2.4434728078e-02 5.3054675546e-02 5.7911279632e-02 5.7958028015e-02 7.0844271885e-02 7.5313163175e-02 7.0296992751e-02 1.9771862221e-02 8.1976059354e-02 1.7347422728e-02 7.3370699074e-02 8.5636663368e-02 2.7927167921e-02 6.8301651194e-02 3.7089273833e-02 1.2226059644e-02 3.0733265357e-02 4.6913867297e-02 4.2277821258e-02 2.0702567207e-02 4.2006274298e-02 4.2846878055e-02 2.2071698402e-02 1.6161618246e-02
1.6504199972e-01 2.3095446229e-01 9.3868426500e-02 1.0000000000e+00 2.8219086551e-01 2.6168827428e-01 6.6276837213e-02 1.4309845188e-01 6.5308552383e-02 1.4180325830e-01 1.5477984860e-01 1.5489051058e-01 1.8932814850e-01 2.0125091010e-01 1.8785132774e-01 5.2836575082e-02 2.1905322101e-01 4.6353641407e-02 1.9598559403e-01 2.2886970475e-01 7.4647572202e-02 1.8256421557e-01 9.9288354877e-02 3.2725565446e-02 8.2228822283e-02 1.2535927794e-01 1.1299129900e-01 5.5328076966e-02 1.1226208767e-01 1.1451657058e-01 5.8990883879e-02 4.3195051321e-02
1.8562524607e-01 2.5976093640e-01 1.0557969536e-01 2.8219086551e-01 1.0000000000e+00 2.9435329723e-01 7.4549788740e-02 1.6096059808e-01 7.3460638555e-02 1.5950373303e-01 1.7409955495e-01 1.7422204017e-01 2.1295771432e-01 2.2636571821e-01 2.1129459117e-01 5.9430577939e-02 2.4638933573e-01 5.2138006445e-02 2.2043291850e-01 2.5743568258e-01 8.3966022175e-02 2.0535392588e-01 1.1170381743e-01 3.6817200291e-02 9.2504904103e-02 1.4100283137e-01 1.2709425216e-01 6.2233627783e-02 1.2627354022e-01 1.2881051494e-01 6.6354118801e-02 4.8586652353e-02
1.7213863468e-01 2.4088799277e-01 9.7908797394e-02 2.6168827428e-01 2.9435329723e-01 1.0000000000e+00 6.9133370168e-02 1.4926599790e-01 6.8123352243e-02 1.4791498145e-01 1.6145034321e-01 1.6156392926e-01 1.9748526110e-01 2.0991910580e-01 1.9594297224e-01 5.5112646372e-02 2.2848790641e-01 4.8349917019e-02 2.0441735395e-01 2.3873168038e-01 7.7865466699e-02 1.9043392628e-01 1.0358797107e-01 3.4142244791e-02 8.5783955740e-02 1.3075826372e-01 1.1786021301e-01 5.7712040492e-02 1.1709912994e-01 1.1945178063e-01 6.1533157032e-02 4.5056586733e-02
4.3596925769e-02 6.1008825585e-02 2.4797004926e-02 6.6276837213e-02 7.4549788740e-02 6.9133370168e-02 1.0000000000e+00 3.7804056262e-02 1.7253353592e-02 3.7461889241e-02 4.0889941073e-02 4.0918708599e-02 5.0016373633e-02 5.3165448247e-02 4.9625763745e-02 1.3958179448e-02 5.7868300823e-02 1.2245407588e-02 5.1772039570e-02 6.0462704192e-02 1.9720703478e-02 4.8230507715e-02 2.6235348583e-02 8.6470821296e-03 2.1726190391e-02 3.3116669757e-02 2.9850027378e-02 1.4616518541e-02 2.9657270636e-02 3.0253117918e-02 1.5584278826e-02 1.1411317807e-02
9.4130209686e-02 1.3172427743e-01 5.3539262967e-02 1.4309845188e-01 1.6096059808e-01 1.4926599790e-01 3.7804056262e-02 1.0000000000e+00 3.7251750272e-02 8.0884040040e-02 8.8285553611e-02 8.8347665635e-02 1.0799045242e-01 1.1478962572e-01 1.0714708583e-01 3.0137133184e-02 1.2494356413e-01 2.6439084032e-02 1.1178111426e-01 1.3054514564e-01 4.2579010351e-02 1.0413458574e-01 5.6644793634e-02 1.8669932333e-02 4.6909061157e-02 7.1502267954e-02 6.4449253856e-02 3.1558554436e-02 6.4033072390e-02 6.5319567448e-02 3.3648047604e-02 2.4638199117e-02
4.2959987683e-02 6.0117504835e-02 2.4434728078e-02 6.5308552383e-02 7.3460638555e-02 6.8123352243e-02 1.7253353592e-02 3.7251750272e-02 1.0000000000e+00 3.6914582209e-02 4.0292551226e-02 4.0320898467e-02 4.9285649328e-02 5.2388716901e-02 4.8900746134e-02 1.3754254609e-02 5.7022862203e-02 1.2066505834e-02 5.1015665509e-02 5.9579362112e-02 1.9432589881e-02 4.7525874379e-02 2.5852057962e-02 8.5207508380e-03 2.1408777227e-02 3.2632845086e-02 2.9413927379e-02 1.4402975563e-02 2.9223986756e-02 2.9811128886e-02 1.5356597159e-02 1.1244601857e-02
9.3278230913e-02 1.3053203226e-01 5.3054675546e-02 1.4180325830e-01 1.5950373303e-01 1.4791498145e-01 3.7461889241e-02 8.0884040040e-02 3.6914582209e-02 1.0000000000e+00 8.7486475209e-02 8.7548025052e-02 1.0701302367e-01 1.1375065720e-01 1.0617729045e-01 2.9864359992e-02 1.2381269164e-01 2.6199782128e-02 1.1076937598e-01 1.2936357286e-01 4.2193624904e-02 1.0319205670e-01 5.6132097849e-02 1.8500949537e-02 4.6484484133e-02 7.0855096183e-02 6.3865919384e-02 3.1272915866e-02 6.3453504804e-02 6.4728355710e-02 3.3343496893e-02 2.4415197143e-02
1.0181917346e-01 1.4248322648e-01 5.7911279632e-02 1.5477984860e-01 1.7409955495e-01 1.6145034321e-01 4.0889941073e-02 8.8285553611e-02 4.0292551226e-02 8.7486475209e-02 1.0000000000e+00 9.5560091314e-02 1.1680646705e-01 1.2416152616e-01 1.1589483139e-01 3.2597553715e-02 1.3514456383e-01 2.8597759016e-02 1.2091043377e-01 1.4120206780e-01 4.6054483104e-02 1.1263455037e-01 6.1262213999e-02 2.0191969800e-02 5.0734678618e-02 7.7340147195e-02 6.9710463465e-02 3.4134842811e-02 6.9260449525e-02 7.0651643600e-02 3.6394758263e-02 2.6649430347e-02
1.0190949425e-01 1.4260656250e-01 5.7958028015e-02 1.5489051058e-01 1.7422204017e-01 1.6156392926e-01 4.0918708599e-02 8.8347665635e-02 4.0320898467e-02 8.7548025052e-02 9.5560091314e-02 1.0000000000e+00 1.1689193222e-01 1.2425528988e-01 1.1598169116e-01 3.2621816235e-02 1.3524693994e-01 2.8619634556e-02 1.2101255517e-01 1.4130400012e-01 4.6086231177e-02 1.1271245998e-01 6.1282584375e-02 2.0199221076e-02 5.0757969232e-02 7.7399042241e-02 6.9760642435e-02 3.4159617165e-02 6.9310807944e-02 7.0701860848e-02 3.6420626658e-02 2.6668372030e-02
1.2456798747e-01 1.7431354512e-01 7.0844271885e-02 1.8932814850e-01 2.1295771432e-01 1.9748526110e-01 5.0016373633e-02 1.0799045242e-01 4.9285649328e-02 1.0701302367e-01 1.1680646705e-01 1.1689193222e-01 1.0000000000e+00 1.5188175134e-01 1.4176861588e-01 3.9874821907e-02 1.6531725165e-01 3.4982824739e-02 1.4791829124e-01 1.7272089911e-01 5.6332802611e-02 1.3777236457e-01 7.4907323442e-02 2.4690054607e-02 6.2042957884e-02 9.4607670377e-02 8.5270908100e-02 4.1754516663e-02 8.4721071186e-02 8.6421377846e-02 4.4518216353e-02 3.2597691604e-02
1.3243726445e-01 1.8532106356e-01 7.5313163175e-02 2.0125091010e-01 2.2636571821e-01 2.0991910580e-01 5.3165448247e-02 1.1478962572e-01 5.2388716901e-02 1.1375065720e-01 1.2416152616e-01 1.2425528988e-01 1.5188175134e-01 1.0000000000e+00 1.5070200345e-01 4.2387250728e-02 1.7573606645e-01 3.7187851657e-02 1.5725542278e-01 1.8359921471e-01 5.9878643896e-02 1.4644475255e-01 7.9591482718e-02 2.6234749366e-02 6.5931736295e-02 1.0057057817e-01 9.0641240749e-02 4.4384488869e-02 9.0057485540e-02 9.1863264800e-02 4.7321493816e-02 3.4650342893e-02
1.2361379205e-01 1.7297524923e-01 7.0296992751e-02 1.8785132774e-01 2.1129459117e-01 1.9594297224e-01 4.9625763745e-02 1.0714708583e-01 4.8900746134e-02 1.0617729045e-01 1.1589483139e-01 1.1598169116e-01 1.4176861588e-01 1.5070200345e-01 1.0000000000e+00 3.9564739201e-02 1.6403346033e-01 3.4711372610e-02 1.4678011209e-01 1.7137459551e-01 5.5892212596e-02 1.3669508284e-01 7.4299657215e-02 2.4490298881e-02 6.1546055929e-02 9.3873289618e-02 8.4606105024e-02 4.1429186088e-02 8.4061056818e-02 8.5746967864e-02 4.4170807758e-02 3.2343307687e-02
3.4767181888e-02 4.8650661212e-02 1.9771862221e-02 5.2836575082e-02 5.9430577939e-02 5.5112646372e-02 1.3958179448e-02 3.0137133184e-02 1.3754254609e-02 2.9864359992e-02 3.2597553715e-02 3.2621816235e-02 3.9874821907e-02 4.2387250728e-02 3.9564739201e-02 1.0000000000e+00 4.6136901600e-02 9.7630833905e-03 4.1283277957e-02 4.8202117219e-02 1.5720789231e-02 3.8448171664e-02 2.0900027472e-02 6.8889236531e-03 1.7311996091e-02 2.6403263144e-02 2.3796965903e-02 1.1652675970e-02 2.3643620439e-02 2.4117905851e-02 1.2423849023e-02 9.0971479126e-03
1.4415513596e-01 2.0171755226e-01 8.1976059354e-02 2.1905322101e-01 2.4638933573e-01 2.2848790641e-01 5.7868300823e-02 1.2494356413e-01 5.7022862203e-02 1.2381269164e-01 1.3514456383e-01 1.3524693994e-01 1.6531725165e-01 1.7573606645e-01 1.6403346033e-01 4.6136901600e-02 1.0000000000e+00 4.0477645368e-02 1.7116838142e-01 1.9984023743e-01 6.5175224662e-02 1.5939860124e-01 8.6628401860e-02 2.8554324172e-02 7.1761946028e-02 1.0946743349e-01 9.8659261820e-02 4.8310721593e-02 9.8023945786e-02 9.9989286321e-02 5.1507448648e-02 3.7715435699e-02
3.0506325539e-02 4.2687457060e-02 1.7347422728e-02 4.6353641407e-02 5.2138006445e-02 4.8349917019e-02 1.2245407588e-02 2.6439084032e-02 1.2066505834e-02 2.6199782128e-02 2.8597759016e-02 2.8619634556e-02 3.4982824739e-02 3.7187851657e-02 3.4711372610e-02 9.7630833905e-03 4.0477645368e-02 1.0000000000e+00 3.6222382946e-02 4.2288100654e-02 1.3791545755e-02 3.3729916190e-02 1.8328951654e-02 6.0416167146e-03 1.5184145868e-02 2.3164667210e-02 2.0877226192e-02 1.0223023164e-02 2.0742838940e-02 2.1158606359e-02 1.0899426034e-02 7.9809156258e-03
1.2906396919e-01 1.8058478948e-01 7.3370699074e-02 1.9598559403e-01 2.2043291850e-01 2.0441735395e-01 5.1772039570e-02 1.1178111426e-01 5.1015665509e-02 1.1076937598e-01 1.2091043377e-01 1.2101255517e-01 1.4791829124e-01 1.5725542278e-01 1.4678011209e-01 4.1283277957e-02 1.7116838142e-01 3.6222382946e-02 1.0000000000e+00 1.7880083387e-01 5.8305874789e-02 1.4259962356e-01 7.7386591653e-02 2.5510790614e-02 6.4138864819e-02 9.7958182811e-02 8.8271569639e-02 4.3225190901e-02 8.7705708539e-02 8.9458302681e-02 4.6082626459e-02 3.3743203764e-02
1.5057253663e-01 2.1070491547e-01 8.5636663368e-02 2.2886970475e-01 2.5743568258e-01 2.3873168038e-01 6.0462704192e-02 1.3054514564e-01 5.9579362112e-02 1.2936357286e-01 1.4120206780e-01 1.4130400012e-01 1.7272089911e-01 1.8359921471e-01 1.7137459551e-01 4.8202117219e-02 1.9984023743e-01 4.2288100654e-02 1.7880083387e-01 1.0000000000e+00 6.8098807923e-02 1.6654814623e-01 9.0567535432e-02 2.9851426647e-02 7.5009434737e-02 1.1436426097e-01 1.0307967860e-01 5.0474782697e-02 1.0241467196e-01 1.0447085066e-01 5.3816035433e-02 3.9405858322e-02
4.9097663839e-02 6.8707433942e-02 2.7927167921e-02 7.4647572202e-02 8.3966022175e-02 7.7865466699e-02 1.9720703478e-02 4.2579010351e-02 1.9432589881e-02 4.2193624904e-02 4.6054483104e-02 4.6086231177e-02 5.6332802611e-02 5.9878643896e-02 5.5892212596e-02 1.5720789231e-02 6.5175224662e-02 1.3791545755e-02 5.8305874789e-02 6.8098807923e-02 1.0000000000e+00 5.4322826768e-02 2.9556260847e-02 9.7414739348e-03 2.4474298686e-02 3.7298153572e-02 3.3619965621e-02 1.6462461725e-02 3.3402705506e-02 3.4074166740e-02 1.7552614467e-02 1.2852597433e-02
1.2007950487e-01 1.6803926782e-01 6.8301651194e-02 1.8256421557e-01 2.0535392588e-01 1.9043392628e-01 4.8230507715e-02 1.0413458574e-01 4.7525874379e-02 1.0319205670e-01 1.1263455037e-01 1.1271245998e-01 1.3777236457e-01 1.4644475255e-01 1.3669508284e-01 3.8448171664e-02 1.5939860124e-01 3.3729916190e-02 1.4259962356e-01 1.6654814623e-01 5.4322826768e-02 1.0000000000e+00 7.2282220307e-02 2.3823628955e-02 5.9854691397e-02 9.1219878390e-02 8.2223784329e-02 4.0261991666e-02 8.1692499195e-02 8.3334534750e-02 4.2928091870e-02 3.1433350537e-02
6.5119245373e-02 9.1160416598e-02 3.7089273833e-02 9.9288354877e-02 1.1170381743e-01 1.0358797107e-01 2.6235348583e-02 5.6644793634e-02 2.5852057962e-02 5.6132097849e-02 6.1262213999e-02 6.1282584375e-02 7.4907323442e-02 7.9591482718e-02 7.4299657215e-02 2.0900027472e-02 8.6628401860e-02 1.8328951654e-02 7.7386591653e-02 9.0567535432e-02 2.9556260847e-02 7.2282220307e-02 1.0000000000e+00 1.3033065879e-02 3.2690428064e-02 4.9572019011e-02 4.4714165086e-02 2.1892732437e-02 4.4419888602e-02 4.5325006638e-02 2.3348255976e-02 1.7096355383e-02
2.1467938508e-02 3.0052165410e-02 1.2226059644e-02 3.2725565446e-02 3.6817200291e-02 3.4142244791e-02 8.6470821296e-03 1.8669932333e-02 8.5207508380e-03 1.8500949537e-02 2.0191969800e-02 2.0199221076e-02 2.4690054607e-02 2.6234749366e-02 2.4490298881e-02 6.8889236531e-03 2.8554324172e-02 6.0416167146e-03 2.5510790614e-02 2.9851426647e-02 9.7414739348e-03 2.3823628955e-02 1.3033065879e-02 1.0000000000e+00 1.0771431801e-02 1.6339934698e-02 1.4737932484e-02 7.2159678244e-03 1.4641068839e-02 1.4939101691e-02 7.6955746111e-03 5.6349510029e-03
5.3985013174e-02 7.5564084700e-02 3.0733265357e-02 8.2228822283e-02 9.2504904103e-02 8.5783955740e-02 2.1726190391e-02 4.6909061157e-02 2.1408777227e-02 4.6484484133e-02 5.0734678618e-02 5.0757969232e-02 6.2042957884e-02 6.5931736295e-02 6.1546055929e-02 1.7311996091e-02 7.1761946028e-02 1.5184145868e-02 6.4138864819e-02 7.5009434737e-02 2.4474298686e-02 5.9854691397e-02 3.2690428064e-02 1.0771431801e-02 1.0000000000e+00 4.1065831610e-02 3.7032515398e-02 1.8132312299e-02 3.6790357676e-02 3.7536432125e-02 1.9336130112e-02 1.4158545823e-02
8.2499379320e-02 1.1544165407e-01 4.6913867297e-02 1.2535927794e-01 1.4100283137e-01 1.3075826372e-01 3.3116669757e-02 7.1502267954e-02 3.2632845086e-02 7.0855096183e-02 7.7340147195e-02 7.7399042241e-02 9.4607670377e-02 1.0057057817e-01 9.3873289618e-02 2.6403263144e-02 1.0946743349e-01 2.3164667210e-02 9.7958182811e-02 1.1436426097e-01 3.7298153572e-02 9.1219878390e-02 4.9572019011e-02 1.6339934698e-02 4.1065831610e-02 1.0000000000e+00 5.6460547792e-02 2.7647204534e-02 5.6097045135e-02 5.7221596777e-02 2.9476542597e-02 2.1583686945e-02
7.4335336732e-02 1.0402197715e-01 4.2277821258e-02 1.1299129900e-01 1.2709425216e-01 1.1786021301e-01 2.9850027378e-02 6.4449253856e-02 2.9413927379e-02 6.3865919384e-02 6.9710463465e-02 6.9760642435e-02 8.5270908100e-02 9.0641240749e-02 8.4606105024e-02 2.3796965903e-02 9.8659261820e-02 2.0877226192e-02 8.8271569639e-02 1.0307967860e-01 3.3619965621e-02 8.2223784329e-02 4.4714165086e-02 1.4737932484e-02 3.7032515398e-02 5.6460547792e-02 1.0000000000e+00 2.4919005215e-02 5.0561315750e-02 5.1576515412e-02 2.6568593664e-02 1.9454391787e-02
3.6401263596e-02 5.0938210829e-02 2.0702567207e-02 5.5328076966e-02 6.2233627783e-02 5.7712040492e-02 1.4616518541e-02 3.1558554436e-02 1.4402975563e-02 3.1272915866e-02 3.4134842811e-02 3.4159617165e-02 4.1754516663e-02 4.4384488869e-02 4.1429186088e-02 1.1652675970e-02 4.8310721593e-02 1.0223023164e-02 4.3225190901e-02 5.0474782697e-02 1.6462461725e-02 4.0261991666e-02 2.1892732437e-02 7.2159678244e-03 1.8132312299e-02 2.7647204534e-02 2.4919005215e-02 1.0000000000e+00 2.4758275458e-02 2.5255273170e-02 1.3009740681e-02 9.5261569148e-03
7.3859866021e-02 1.0335587774e-01 4.2006274298e-02 1.1226208767e-01 1.2627354022e-01 1.1709912994e-01 2.9657270636e-02 6.4033072390e-02 2.9223986756e-02 6.3453504804e-02 6.9260449525e-02 6.9310807944e-02 8.4721071186e-02 9.0057485540e-02 8.4061056818e-02 2.3643620439e-02 9.8023945786e-02 2.0742838940e-02 8.7705708539e-02 1.0241467196e-01 3.3402705506e-02 8.1692499195e-02 4.4419888602e-02 1.4641068839e-02 3.6790357676e-02 5.6097045135e-02 5.0561315750e-02 2.4758275458e-02 1.0000000000e+00 5.1243584234e-02 2.6397090934e-02 1.9328811889e-02
7.5333372643e-02 1.0541953477e-01 4.2846878055e-02 1.1451657058e-01 1.2881051494e-01 1.1945178063e-01 3.0253117918e-02 6.5319567448e-02 2.9811128886e-02 6.4728355710e-02 7.0651643600e-02 7.0701860848e-02 8.6421377846e-02 9.1863264800e-02 8.5746967864e-02 2.4117905851e-02 9.9989286321e-02 2.1158606359e-02 8.9458302681e-02 1.0447085066e-01 3.4074166740e-02 8.3334534750e-02 4.5325006638e-02 1.4939101691e-02 3.7536432125e-02 5.7221596777e-02 5.1576515412e-02 2.5255273170e-02 5.1243584234e-02 1.0000000000e+00 2.6927290751e-02 1.9717041506e-02
3.8806455828e-02 5.4304730770e-02 2.2071698402e-02 5.8990883879e-02 6.6354118801e-02 6.1533157032e-02 1.5584278826e-02 3.3648047604e-02 1.5356597159e-02 3.3343496893e-02 3.6394758263e-02 3.6420626658e-02 4.4518216353e-02 4.7321493816e-02 4.4170807758e-02 1.2423849023e-02 5.1507448648e-02 1.0899426034e-02 4.6082626459e-02 5.3816035433e-02 1.7552614467e-02 4.2928091870e-02 2.3348255976e-02 7.6955746111e-03 1.9336130112e-02 2.9476542597e-02 2.6568593664e-02 1.3009740681e-02 2.6397090934e-02 2.6927290751e-02 1.0000000000e+00 1.0156833199e-02
2.8415354049e-02 3.9763697005e-02 1.6161618246e-02 4.3195051321e-02 4.8586652353e-02 4.5056586733e-02 1.1411317807e-02 2.4638199117e-02 1.1244601857e-02 2.4415197143e-02 2.6649430347e-02 2.6668372030e-02 3.2597691604e-02 3.4650342893e-02 3.2343307687e-02 9.0971479126e-03 3.7715435699e-02 7.9809156258e-03 3.3743203764e-02 3.9405858322e-02 1.2852597433e-02 3.1433350537e-02 1.7096355383e-02 5.6349510029e-03 1.4158545823e-02 2.1583686945e-02 1.9454391787e-02 9.5261569148e-03 1.9328811889e-02 1.9717041506e-02 1.0156833199e-02 1.0000000000e+00
